86674453257685
20195918591404
10314271600966
19550116404336
53841128547621
1106743950751
9631152889397
59478015697290
74652905677511
54212799122365
64290353708272
49363783511724
58946175703535
55382292304807
43754745092773
66944936261363
97515740484391
8261980872623
11944895380932
94114858874446
34814197401622
81308645773540
2596252664345
28007521329770
34813021378018
69563001435302
36582652707614
71448296850905
62468065055111
35356460550250
15214474417587
28249224042290
25282681949846
72236022048906
74590320205613
59296897970061
36184696573907
295563366306
84835757530746
20995994574493
61534280680720
31603247834369
72647681776257
15456455530426
65279561158393
93551488035311
10558558372105
79818291743868
86276458195473
54177325947978
73353521427673
1408893318191
30202234582886
73701020359540
21641600398451
64804922572069
50579191914857
93079520446416
70925956139361
12632914490012
96029718576336
10885843045634
27154230776861
6945600323731
42801921799300
9024444697622
42730406351147
6388601067444
84447054852367
96876459878489
28792068016617
77720119287940
84358962085250
62987933673187
42962722522887
78195792733837
45215629230148
12634728095352
62032090083996
90890869461188
80424165442907
25626574183542
48858617340948
79822657376346
95639848571360
29869322937882
3420364217838
34092691721741
79566926776361
17594235206515
83589004048938
76403371052656
38863858407899
53419133880891
10420515088996
21823699474931
83466809235198
15023752238767
79941718656602
58983071811863
54089544795482
63343847028607
50155657739312
84047765052564
69656185329107
15850618598421
30587597238435
75874231033191
52439068409952
75193978162915
58821049419456
85318714120047
35404873679279
82991454105296
40543445348345
5419080700759
59275531376976
96825795241150
28080367056556
37302214116615
21635473962162
71599946333390
56989208742307
73791940461982
30863370838516
83392321612017
13155244685620
73966468013643
97411282706831
17827359120175
37786742707638
74554752829377
25687874015835
75759428207552
23342559138482
83158239439183
63446534911127
28743770057777
5575967026409
88793751912009
14953764627863
25440042575149
35082013796136
72747023860873
2654822000218
92343983914896
89032532767637
24698356853478
59103090371575
29761620155153
1575543257716
77671079843254
40912332313228
13596916317159
53210525835232
40565276341742
13215281047003
31146236576635
29180977934328
69043767864250
29919215528511
28208395089090
16830519185151
94324608788850
58871533191838
71156521373645
92721969497449
11477368379861
42638716919134
43562818428339
61326586297871
49698802081717
45581322608766
65003422191125
24029544646588
32145241756085
34763941797437
33435302023600
23172884218394
28470719230447
72193375602927
87191393500422
71071480770530
57293788734668
10020849505986
85477034696845
96517017349394
65079254310322
14239103492245
88963687682745
76427958274880
78475702364833
35640596258059
6702191107313
52779902731710
89969512428483
56262626974459
46303601095681
77927407187815
20953803621541
94401046648612
47390838727830
30366173440933
64185993554648
87428950314987
34289496580033
42960278683435
23552747356726
27650420155772
34194820250260
74542655866523
52587590075027
79045722118725
28966940596318
73029491616953
20241885587366
10667904039074
62467965957515
12302103354713
80249539949835
14826811290827
71753129069074
41622156274891
85959300035676
42213469507003
50439458036339
40337393537217
41676422333731
99271662977420
43476735291691
74580458196736
84640789907149
65619777544526
78748109281347
92191841213888
60294767100903
76893905038551
6880675721216
9610683651684
74167690157874
91025103131992
51172026933015
7153099925369
28811890019262
81605275780060
64145222374042
5762909979633
73734016583514
83155248373237
47666592889503
46472917322484
42325188713537
31667628978996
5719668362577
9365954173448
36929204837342
72170818070927
17652852171973
73850552475023
18248913220899
66408724886873
170849307327
48962136657910
30852891543674
3025576624502
93162196289026
2747592098671
12584092272783
30580893329908
453587675381
35689174888027
85628754276367
44849888266020
20242007596847
11044695949266
83228987015959
15659078704934
19164489462326
51580108456177
36402010577568
38381418261298
80801879057167
26162722305777
98646654275524
89207593485749
68840686847490
37599336770423
48408628812684
51687456690285
9728778266972
27786611824693
56366399746356
11011108548105
45443068319887
32730793631601
72639739176237
89351917235960
38511311683668
8063474902890
48595778518894
94284329919509
23510098647027
49220439057310
18490266134316
83232132761130
83177525057939
12279195095947
23826212663756
93932250040677
96005748826881
15401401826336
96292099191606
64018193000533
24663074556223
74416324066273
53190719317497
62995512789691
60719350251707
26537528545139
57854293283882
19430229174985
77709436648758
57778150329614
4524022306419
29291409832370
22257531405385
2226157020538
19533544062363
31995967113801
23526463523929
10092197136662
4862895479491
92651763158804
38262955291632
72143720661025
76686519515261
26771698606402
20656215714078
85013781234976
75363676386892
86525854752095
17475372423296
52031502725677
11630782392115
28914535826341
26939640569953
86056331207275
74421934061592
72200875615260
6867577308823
20398951653555
52236655371931
61888077928848
31805160653110
13585413686831
96103089019368
27006443369211
13202163783436
28339542018560
33567961820960
51752389337832
36678775987242
15140269083929
88231010350946
49749715619087
81308961087570
50604170562121
32628847635468
42091718557017
54949258563303
49726167210198
19527839656492
28969085521212
63603204715272
3277161495473
64805927288124
56602731074662
41060635606907
34816877833256
29758065036738
18485032806493
95390836721788
35534537121891
26353420521644
59836502366134
97647781803811
68781362447315
74413689220729
79176961339499
40881018574323
47819712910708
41544289264102
97246345040007
850793744719
43857537707240
9724445984683
59343163187152
11878811094339
90460322937818
51156243401302
27081060444019
7262259852847
77845660743114
38325011492484
9343954381147
32271996234853
90149452721263
20771356765328
65482614979273
83227351252083
84005297941869
52941033971034
67619705723779
29456001808126
53058274673670
57134908644181
38813633953733
48817109765747
64289599312528
490212432309
69873062552094
16995966976571
36506741325497
52205375631335
55902819313697
7857174544558
47918735346765
63710225754392
81555333186991
15166165015245
63645592712875
55254297354116
41031869786912
40382653350356
11469583442374
58614419969034
30194826643573
32979451704680
14256693927766
91859614414336
81518029385381
8750996566716
9456385607823
3843204268480
42972153536547
37729918941337
66422169445471
32683797075618
77080011785865
88657795906427
38623659257577
61807259343218
48460973863229
45858243714105
14510324149671
81214251820828
77892886890272
74590582109642
98789795552097
23034855705118
34339729153669
50305948883654
49938847179471
60574247453914
10616326350300
23967188257323
24111459195561
47308953935944
10146423597765
42757547296252
69927481530615
55031109760486
81036012662311
36325495345115
23885088256975
59432381931137
39665076637052
22262544323280
65618689328700
72862272572041
81543964508145
21215920485884
32703166695987
6629462105996
41874031547081
85946798352279
84302287403563
2534291110096
42756675894862
91887459997230
85357593156581
58135406774520
19661097622694
79896968794624
3696219672525
95813849639108
49028565727562
7660612955713
52501862684461
59414368600347
67797495170055
64459208808954
87526256374318
26632949191263
9614160843163
26995207705399
71678783444443
21715393662560
47071964450038
7559481688077
47821153573191
46057940200506
1653379871543
88360667424918
16644728692784
47442593120764
53770851131204
62407430212314
90304000092450
82416692033173
15697285710855
49815614114013
70964472015147
26363465984304
3616122686088
85400022986946
10511035083487
36097687097220
96079502174493
99825873589091
34281889198424
11358639906930
71535811606227
73148412368370
49197733444968
14133706117353
71229798299388
62080352577001
52727781260676
32947719253359
18993170090660
73040428751655
55003744264720
11971889190082
55740013290093
8957970027622
41044883452225
33373034110988
45460619253101
46070515797293
55311331305438
58554927506835
67671159107616
18257273211861
73758174928588
39810737063740
24733911722196
27843575678645
12769637685150
47090713750290
53796746483399
38562074017186
38021466574184
39282778555082
65809320078807
89215652690272
57825628349508
60812702618196
93028083575601
18200717326833
12072708505403
79843038616680
80074147369894
76637409193319
46786232164504
88110592655105
26191162124135
59202968884681
82119688303200
16173127382583
97657525267977
49787239512899
41947951502452
82874796706128
79755221997087
45342948733306
96149077466349
21035093520008
30550168850969
95839383978692
14599571048403
53753025933621
33904829634489
3763498897238
52151722561490
78746401669218
90432672793667
27622730065286
81125954300351
9065350206654
11408150868995
93013707767153
18096442598587
30836467312092
67677993775233
42261339419634
76622609630316
38173818407878
57484984800785
63401662594012
28459698282291
3836628507221
49885305211699
78890102324067
13817304015975
99449914730364
37632050143165
80099013013921
37690743635608
9549503407526
75703473686557
26973066289190
33645630392138
11263547205617
2976476670323
27665949735542
59360831007940
77599344536941
91571434280080
30495633049935
9034332640126
55300289567429
48969711075723
77614954537526
28510039863786
74395822627676
45752834876110
91232456536357
2156055609271
47498113038348
74092521720608
82634605525759
26260323765426
49798240652209
18766858172740
28710011733759
56334691558431
2639373002933
14533667542929
42282384170642
88681518713866
5639311473904
66846841096132
9635104005039
39474201775315
9418417883189
66154083880451
7323009625498
55557770959916
70476465331720
33770912719529
35856626208460
96900783624511
69960199006124
21965493934244
65231127391617
2204967914733
60235523223713
42281868055676
42823153957277
36010907747177
98810603551849
5651075217415
58095987371432
5303231348723
12588463370355
8120464866809
87541109616411
58711029658453
52258679362572
84847082182201
45011635616084
79350201290756
90151409263583
98893670099913
3028057856592
82135807727592
65295513842094
85613790516950
91143285162446
94347114551241
54429361127969
90849654963358
16638571668595
67196334975811
34633090691128
50991124661352
52236628551141
11331870392139
71114114459526
26560259381712
3722130681290
93212314718654
47367825935445
73056743570005
50200396366927
79976149617159
42602896845166
9924287074244
90242946678947
36694933456578
4868003992027
20345108109110
23066460493416
85488615522453
61055684336572
18675394705355
53617768959096
41827998406602
43650808471711
67049616346329
2239425355046
19811370738740
65936915651413
32615933611279
40174893133301
90096623574383
17201791502458
69077501522831
25889940048643
21708536870918
11664095127825
89519664230838
45360059871296
65035441889062
21955393032588
77749877019458
91560542382232
48943778542675
31338061742463
20624729747876
16291114570692
87948242561574
47681028936003
92178710796209
764725336866
5705185323472
2447049034188
45308384002491
62491179038783
81604974638905
38391257870770
96827516481656
54934506984405
88650364169153
68270276038156
51266043971999
42142433744392
59187904683780
25514382005458
75863841768655
23965893310276
58380456787764
75604578717886
11487943929441
51829901356592
49694609272808
57333490918651
94370762450355
58180657450333
21356237577378
88148122371164
57353891576840
65545528945979
14714539494682
27302617024569
24747203767052
10519822455346
64186531345697
1112961374101
70928758754674
39521032468125
9154650934517
50646646673910
50685867243752
29521846539856
80741105807467
79438440825203
71215169456551
51630472416673
41963904531184
617790349746
99362548315653
1579247907151
10431063282599
99242856713933
99304493795033
10285023771471
29795825188417
36482129906392
58424149468784
13038597632397
44462597566457
26587083401198
66097584195339
16256945950909
57286630185134
43302903959222
84890495965537
65858697038353
67681654035262
38110404908197
62862137132079
32798973252272
98892878470989
65356302005859
59003572681684
68876198749163
12326036314347
81648967353893
84817322565155
49365885346573
78890194077790
34367697224720
19981026517497
78689794355098
8752852638214
83534576414965
71211820693806
94175470560566
25242620069276
99478255563609
80382490098656
69855898371185
69900293653634
36844164322660
30979686859111
87703079817783
51551962231934
99778303285923
5934807547652
31509628489631
56240810620147
16311070616248
51260498700869
71589595236453
93628017239750
60229928681159
11425155460966
30027707781806
70308985939570
90515133926325
64971425178632
73225003729411
28874703687904
62013204806652
66468887918757
78154914876867
40168230199309
97153332478201
84730725948875
13679528791267
21018362540382
52627804156921
84957398058568
3464283257619
34363098597737
49753773740094
14809277928304
45264852422871
19400463071881
89954239027862
82780536717087
65364330320607
61288413232509
29847800148332
80231733594594
54431463243082
10547229609503
1617343348631
61764534768068
34544909182522
22723070798814
89988147759393
75127778551966
10622979420729
2676942476201
59172305388541
90462351453828
40404291295397
76334988962667
90982544394525
13289779268473
1471887484920
6286997398634
78862681929676
95994730283902
8105013664522
98816391865220
76365814750003
47417370299456
72027386202876
39642406554105
16846886084253
21527182221448
54460182911178
14180074608862
54664155396726
14299280484616
72052266415142
90743995324908
97307915494018
79913658754110
62117130090159
85209531135512
4018795165832
75098028658512
66924869110435
81171180899175
61047973839888
66025105644976
10432272695958
65957427477384
78774483150594
73604423497866
12726097353119
75117916608250
47764795114485
57383139534671
3733456335588
43405249553593
53826711592983
95980578534436
76422554987836
84706419939397
66543197097723
9320863160280
83393545059398
27699623292244
58802708077437
87128169716641
78078616632454
43344663897878
70942212823802
51149312984199
86482155232423
81885196395484
13845531351701
17534743949835
90326493894280
15585258864166
84358403925522
57527939290929
21757728195164
44138294604447
70294289977956
70623342784264
29346102064326
77603250906190
42699274986722
36895808954256
13764055399508
77660515427509
82018476822162
29981225341722
85657484671994
89313197501357
48511234435630
52207096666584
49766066946071
72914677122450
96826335795130
5249980461314
29649108517805
67822445638073
20359505300769
72325643696042
38571128646252
46609535836391
71582622025007
16013030249409
97093653917905
98573660712981
72219150080024
28939215145791
1537496120305
36217189720163
68931722042329
46998789359885
34391499536274
22935386457544
41472277061983
73934773149457
86850097228886
17389796193528
72629946072704
71948550021107
45998700008254
61488705560152
79844716730788
